36
3 18 1 35 
2 3 2 
1 3 
2 5 4 
1 5 
2 7 6 
1 7 
2 9 8 
1 9 
2 11 10 
1 11 
2 35 12 
2 35 13 
2 35 14 
2 35 15 
2 35 16 
2 35 17 
1 35 
2 20 19 
1 20 
2 22 21 
1 22 
2 24 23 
1 24 
2 26 25 
1 26 
2 28 27 
1 28 
2 35 29 
2 35 30 
2 35 31 
2 35 32 
2 35 33 
2 35 34 
1 35 
0 
36
0 0 0 0 0 0 0 0 0 0 0 0 0 0 0 0 0 0 0 0 0 0 0 0 0 1 0 0 0 0 1 8 0 0 
0 0 0 0 0 0 0 0 0 0 1 0 0 0 0 0 0 0 0 0 0 0 0 0 0 1 0 0 1 0 0 0 0 0 
0 0 0 0 0 0 0 0 0 0 0 0 0 0 0 0 0 0 0 0 0 0 0 0 0 0 0 0 1 0 0 0 0 0 
0 0 0 0 0 0 0 0 0 0 1 0 0 0 0 0 0 0 0 0 0 0 0 0 0 1 0 0 1 0 0 5 1 0 
0 1 0 1 0 0 0 0 0 0 0 0 0 0 0 0 0 0 0 0 0 0 0 0 0 2 0 0 1 0 0 0 1 0 
0 0 0 0 0 0 0 0 0 0 1 0 0 0 0 0 0 0 0 0 0 0 0 0 0 0 0 0 1 0 0 5 0 0 
0 1 0 1 0 0 0 0 0 0 0 0 0 0 0 0 0 0 0 0 0 0 0 0 0 2 0 0 1 0 0 0 1 0 
0 0 0 0 0 0 0 0 0 0 1 0 0 0 0 0 0 0 0 0 0 0 0 0 0 0 0 0 1 0 0 5 0 0 
0 1 0 1 0 0 0 0 0 0 0 0 0 0 0 0 0 0 0 0 0 0 0 0 0 2 0 0 1 0 0 0 1 0 
0 0 0 0 0 0 0 0 0 0 1 0 0 0 0 0 0 0 0 0 0 0 0 0 0 0 0 0 1 0 0 5 0 0 
0 1 0 1 0 0 0 0 0 0 0 0 0 0 0 0 0 0 0 0 0 0 0 0 0 2 0 0 1 0 0 0 1 0 
0 0 0 0 0 0 0 0 0 0 1 0 0 0 0 0 0 0 0 0 0 0 0 0 0 0 0 0 1 0 0 5 0 0 
0 1 0 1 0 0 0 0 0 0 1 0 0 0 0 0 0 0 0 0 0 0 0 0 0 2 0 0 1 0 0 4 1 0 
0 1 0 1 0 0 0 0 0 0 1 0 0 0 0 0 0 0 0 0 0 0 0 0 0 2 0 0 1 0 0 4 1 0 
0 1 0 1 0 0 0 0 0 0 1 0 0 0 0 0 0 0 0 0 0 0 0 0 0 2 0 0 1 0 0 4 1 0 
0 1 0 1 0 0 0 0 0 0 1 0 0 0 0 0 0 0 0 0 0 0 0 0 0 2 0 0 1 0 0 4 1 0 
0 1 0 1 0 0 0 0 0 0 1 0 0 0 0 0 0 0 0 0 0 0 0 0 0 2 0 0 1 0 0 0 1 0 
0 2 0 0 0 0 0 0 0 0 0 0 0 0 0 0 0 0 0 0 0 0 0 0 0 0 0 0 1 0 0 4 0 0 
0 0 0 0 0 0 0 0 0 0 1 0 0 0 0 0 0 0 0 0 0 0 0 0 0 1 0 0 1 0 0 0 0 0 
0 0 0 0 0 0 0 0 0 0 0 0 0 0 0 0 0 0 0 0 0 0 0 0 0 0 0 0 1 0 0 0 0 0 
0 0 0 0 0 0 0 0 0 0 1 0 0 0 0 0 0 0 0 0 0 0 0 0 0 1 0 0 1 0 0 5 1 0 
0 1 0 1 0 0 0 0 0 0 0 0 0 0 0 0 0 0 0 0 0 0 0 0 0 2 0 0 1 0 0 0 1 0 
0 0 0 0 0 0 0 0 0 0 1 0 0 0 0 0 0 0 0 0 0 0 0 0 0 0 0 0 1 0 0 5 0 0 
0 1 0 1 0 0 0 0 0 0 0 0 0 0 0 0 0 0 0 0 0 0 0 0 0 2 0 0 1 0 0 0 1 0 
0 0 0 0 0 0 0 0 0 0 1 0 0 0 0 0 0 0 0 0 0 0 0 0 0 0 0 0 1 0 0 5 0 0 
0 1 0 1 0 0 0 0 0 0 0 0 0 0 0 0 0 0 0 0 0 0 0 0 0 2 0 0 1 0 0 0 1 0 
0 0 0 0 0 0 0 0 0 0 1 0 0 0 0 0 0 0 0 0 0 0 0 0 0 0 0 0 1 0 0 5 0 0 
0 1 0 1 0 0 0 0 0 0 0 0 0 0 0 0 0 0 0 0 0 0 0 0 0 2 0 0 1 0 0 0 1 0 
0 0 0 0 0 0 0 0 0 0 1 0 0 0 0 0 0 0 0 0 0 0 0 0 0 0 0 0 1 0 0 5 0 0 
0 1 0 1 0 0 0 0 0 0 1 0 0 0 0 0 0 0 0 0 0 0 0 0 0 2 0 0 1 0 0 4 1 0 
0 1 0 1 0 0 0 0 0 0 1 0 0 0 0 0 0 0 0 0 0 0 0 0 0 2 0 0 1 0 0 4 1 0 
0 1 0 1 0 0 0 0 0 0 1 0 0 0 0 0 0 0 0 0 0 0 0 0 0 2 0 0 1 0 0 4 1 0 
0 1 0 1 0 0 0 0 0 0 1 0 0 0 0 0 0 0 0 0 0 0 0 0 0 2 0 0 1 0 0 4 1 0 
0 1 0 1 0 0 0 0 0 0 1 0 0 0 0 0 0 0 0 0 0 0 0 0 0 2 0 0 1 0 0 0 1 0 
0 2 0 0 0 0 0 0 0 0 0 0 0 0 0 0 0 0 0 0 0 0 0 0 0 0 0 0 1 0 0 4 0 0 
0 0 0 0 0 0 0 0 0 0 0 0 0 0 0 0 0 0 0 0 0 0 0 0 0 0 0 0 0 1 0 0 0 0 
4
0 35 70 72 
0

74
11529215046068469760
0

1
1 
_no_inst_
d
1
0x7fada2d25990
0x0

19
1
0 
1
2 
getelementptr
d
1
0x7fada2d377f0
0x0

19
1
1 
1
3 
load
d
1
0x7fada2d37928
0x0

20
1
2 
1
4 
phi
d
1
0x7fada2d37ad8
0x0

20
1
3 
20
24 23 22 21 20 19 18 17 16 15 14 13 12 11 10 9 8 7 6 5 
store
d
1
0x7fada2d37c80
0x0

34
2
25 4 
0

store
d
1
0x7fada2d46550
0x0

34
10
23 21 19 17 13 11 7 9 15 4 
1
25 
load
d
1
0x7fada2d456c8
0x0

33
2
26 4 
1
6 
store
d
1
0x7fada2d451d0
0x0

33
9
23 21 19 17 13 11 9 15 4 
1
26 
load
d
1
0x7fada2d44f18
0x0

32
2
27 4 
2
8 6 
store
d
1
0x7fada2d43ba0
0x0

32
8
23 21 19 17 13 11 15 4 
1
27 
load
d
1
0x7fada2d438e8
0x0

31
2
28 4 
3
10 8 6 
store
d
1
0x7fada2d42570
0x0

31
7
23 21 19 17 13 15 4 
1
28 
load
d
1
0x7fada2d422b8
0x0

30
2
29 4 
4
12 10 8 6 
store
d
1
0x7fada2d40f40
0x0

30
6
23 21 19 17 15 4 
1
29 
load
d
1
0x7fada2d40c88
0x0

29
2
30 4 
5
14 12 10 8 6 
store
d
1
0x7fada2d3f910
0x0

29
5
23 21 19 17 4 
1
30 
load
d
1
0x7fada2d3f658
0x0

27
2
31 4 
6
16 14 12 10 8 6 
store
d
1
0x7fada2d3e010
0x0

27
4
23 21 19 4 
1
31 
load
d
1
0x7fada2d3dd58
0x0

25
2
32 4 
7
18 16 14 12 10 8 6 
store
d
1
0x7fada2d3c690
0x0

25
3
23 21 4 
1
32 
load
d
1
0x7fada2d3c3d8
0x0

23
2
33 4 
8
20 18 16 14 12 10 8 6 
store
d
1
0x7fada2d3ad10
0x0

23
2
23 4 
1
33 
load
d
1
0x7fada2d3aa58
0x0

21
2
34 4 
9
22 20 18 16 14 12 10 8 6 
store
d
1
0x7fada2d39390
0x0

21
1
4 
1
34 
load
d
1
0x7fada2d390d8
0x0

34
1
6 
1
5 
_no_inst_
d
1
0x7fada2d46388
0x0

33
1
8 
1
7 
_no_inst_
d
1
0x7fada2d450d8
0x0

32
1
10 
1
9 
_no_inst_
d
1
0x7fada2d43aa8
0x0

31
1
12 
1
11 
_no_inst_
d
1
0x7fada2d42478
0x0

30
1
14 
1
13 
_no_inst_
d
1
0x7fada2d40e48
0x0

29
1
16 
1
15 
_no_inst_
d
1
0x7fada2d3f818
0x0

27
1
18 
1
17 
_no_inst_
d
1
0x7fada2d3df18
0x0

25
1
20 
1
19 
_no_inst_
d
1
0x7fada2d3c598
0x0

23
1
22 
1
21 
_no_inst_
d
1
0x7fada2d3ac18
0x0

21
1
24 
1
23 
_no_inst_
d
1
0x7fada2d39298
0x0

10
0

1
36 
_no_inst_
d
1
0x7fada2d259b8
0x0

2
1
35 
1
37 
getelementptr
d
1
0x7fada2d27f60
0x0

2
1
36 
1
38 
load
d
1
0x7fada2d28098
0x0

3
1
37 
1
39 
phi
d
1
0x7fada2d28248
0x0

3
1
38 
20
59 58 57 56 55 54 53 52 51 50 49 48 47 46 45 44 43 42 41 40 
store
d
1
0x7fada2d284a0
0x0

17
2
60 39 
0

store
d
1
0x7fada2d36d60
0x0

17
10
58 56 54 52 48 46 42 44 50 39 
1
60 
load
d
1
0x7fada2d35e38
0x0

16
2
61 39 
1
41 
store
d
1
0x7fada2d35940
0x0

16
9
58 56 54 52 48 46 44 50 39 
1
61 
load
d
1
0x7fada2d35688
0x0

15
2
62 39 
2
43 41 
store
d
1
0x7fada2d34310
0x0

15
8
58 56 54 52 48 46 50 39 
1
62 
load
d
1
0x7fada2d34058
0x0

14
2
63 39 
3
45 43 41 
store
d
1
0x7fada2d32ce0
0x0

14
7
58 56 54 52 48 50 39 
1
63 
load
d
1
0x7fada2d32a28
0x0

13
2
64 39 
4
47 45 43 41 
store
d
1
0x7fada2d316b0
0x0

13
6
58 56 54 52 50 39 
1
64 
load
d
1
0x7fada2d313f8
0x0

12
2
65 39 
5
49 47 45 43 41 
store
d
1
0x7fada2d2b320
0x0

12
5
58 56 54 52 39 
1
65 
load
d
1
0x7fada2d2b178
0x0

10
2
66 39 
6
51 49 47 45 43 41 
store
d
1
0x7fada2d2e980
0x0

10
4
58 56 54 39 
1
66 
load
d
1
0x7fada2d2e6c8
0x0

8
2
67 39 
7
53 51 49 47 45 43 41 
store
d
1
0x7fada2d2d000
0x0

8
3
58 56 39 
1
67 
load
d
1
0x7fada2d2cd48
0x0

6
2
68 39 
8
55 53 51 49 47 45 43 41 
store
d
1
0x7fada2d2b660
0x0

6
2
58 39 
1
68 
load
d
1
0x7fada2d2b3c8
0x0

4
2
69 39 
9
57 55 53 51 49 47 45 43 41 
store
d
1
0x7fada2d29ba0
0x0

4
1
39 
1
69 
load
d
1
0x7fada2d298e8
0x0

17
1
41 
1
40 
_no_inst_
d
1
0x7fada2d36b98
0x0

16
1
43 
1
42 
_no_inst_
d
1
0x7fada2d35848
0x0

15
1
45 
1
44 
_no_inst_
d
1
0x7fada2d34218
0x0

14
1
47 
1
46 
_no_inst_
d
1
0x7fada2d32be8
0x0

13
1
49 
1
48 
_no_inst_
d
1
0x7fada2d315b8
0x0

12
1
51 
1
50 
_no_inst_
d
1
0x7fada2d2fff8
0x0

10
1
53 
1
52 
_no_inst_
d
1
0x7fada2d2e888
0x0

8
1
55 
1
54 
_no_inst_
d
1
0x7fada2d2cf08
0x0

6
1
57 
1
56 
_no_inst_
d
1
0x7fada2d2b568
0x0

4
1
59 
1
58 
_no_inst_
d
1
0x7fada2d29aa8
0x0

18446744073709551615
0

1
71 
_no_inst_
d
1
0x7fada2d259e0
0x0

17
1
70 
0

store
d
1
0x7fada2d370f0
0x0

18446744073709551615
0

1
73 
_no_inst_
d
1
0x7fada2d25a08
0x0

34
1
72 
0

store
d
1
0x7fada2d46840
0x0


